id,created_at,score,media_present
1145724532700983296,2019-07-01T16:03:09.000Z,15522354.3842325,False
1146140164122697735,2019-07-02T19:34:44.000Z,8307564.435555,False
1146180070467391489,2019-07-02T22:13:18.000Z,41010714.5372925,False
1146460662832541697,2019-07-03T16:48:16.000Z,19748641.09176,False
1146756584246263808,2019-07-04T12:24:10.000Z,130386142.180875,True
1147918213952360448,2019-07-07T17:20:04.000Z,111655595.95155,False
1148940273411661824,2019-07-10T13:01:22.000Z,124314418.4696925,True
1149008015716233216,2019-07-10T17:30:33.000Z,15026028.1953075,True
1151621137979383808,2019-07-17T22:34:10.000Z,35018152.5462825,True
1151920811093237760,2019-07-18T18:24:57.000Z,39313582.1717625,True
1152589017583685632,2019-07-20T14:40:10.000Z,30034062.0945225,False
1153772394332512256,2019-07-23T21:02:29.000Z,17654909.1672975,False
1153772529271615488,2019-07-23T21:03:01.000Z,6331026.1317975,True
1155176452112994306,2019-07-27T18:01:42.000Z,50347447.2482625,False
1155543273005600768,2019-07-28T18:19:19.000Z,16906596.919905,False
1156618530814603266,2019-07-31T17:32:01.000Z,9089228.7482325,True
1157016227681918981,2019-08-01T19:52:19.000Z,38096825.0074125,False
1158453079035002881,2019-08-05T19:01:51.000Z,314283827.5427025,True
1158453251337007106,2019-08-05T19:02:32.000Z,45406398.098145,False
1158764847800213507,2019-08-06T15:40:43.000Z,87658125.8472675,True
1164192919047299072,2019-08-21T15:09:56.000Z,34796156.9813025,True
1165286625208950784,2019-08-24T15:35:56.000Z,185912980.611015,True
1166068183289253889,2019-08-26T19:21:34.000Z,6339726.6705675,True
1166808878807470086,2019-08-28T20:24:49.000Z,17684701.9212675,False
1169326512706936833,2019-09-04T19:09:00.000Z,31988914.9645275,False
1171090934257397760,2019-09-09T16:00:11.000Z,10666860.53202,False
1171760194898059266,2019-09-11T12:19:35.000Z,47968509.0263925,False
1172210649654616067,2019-09-12T18:09:32.000Z,14208968.5089975,False
1172210761583812616,2019-09-12T18:09:58.000Z,5798249.95848,False
1172210852415643650,2019-09-12T18:10:20.000Z,4509977.0019675,False
1174056583610949632,2019-09-17T20:24:37.000Z,89048827.873845,True
1175147135303585798,2019-09-20T20:38:04.000Z,62727720.69942,False
1176527551684141056,2019-09-24T16:03:21.000Z,19653528.3838425,False
1179760725973184513,2019-10-03T14:10:50.000Z,440872250.463645,True
1181568448004050951,2019-10-08T13:54:05.000Z,21712655.8927425,True
1182018186146979840,2019-10-09T19:41:11.000Z,16256758.9522275,True
1182655118057103360,2019-10-11T13:52:07.000Z,13730702.5293375,False
1183492717017554944,2019-10-13T21:20:26.000Z,68897720.9508,False
1184111029787222021,2019-10-15T14:17:23.000Z,14418967.8765825,True
1184528998669389824,2019-10-16T17:58:15.000Z,87329614.5955275,False
1184852494922453001,2019-10-17T15:23:42.000Z,13460919.914295,True
1185207212085567488,2019-10-18T14:53:14.000Z,14535502.3655625,False
1188924481458331648,2019-10-28T21:04:20.000Z,12232891.5974475,False
1189903829589999618,2019-10-31T13:55:54.000Z,40930168.6404975,False
1190281354321317889,2019-11-01T14:56:03.000Z,26135034.2884575,False
1190630834736443393,2019-11-02T14:04:46.000Z,18195133.5291075,True
1192147846214160384,2019-11-06T18:32:50.000Z,73278508.1346675,False
1192844105631649792,2019-11-08T16:39:31.000Z,20819400.5790225,False
1193899774182858752,2019-11-11T14:34:22.000Z,33925114.406715,False
1193899910116052997,2019-11-11T14:34:54.000Z,10586248.7220525,False
1196498074660724736,2019-11-18T18:39:05.000Z,12702654.777855,False
1197909838061359104,2019-11-22T16:08:56.000Z,10186353.504495,False
1198663630117572609,2019-11-24T18:04:14.000Z,24850188.816915,False
1198664487089430529,2019-11-24T18:07:38.000Z,8780689.18776,False
1199754566130114567,2019-11-27T18:19:13.000Z,40616817.4184325,False
1200024984355250176,2019-11-28T12:13:46.000Z,92312980.00239,True
1204103826338394118,2019-12-09T18:21:38.000Z,11626160.844585,True
1204357605394702336,2019-12-10T11:10:03.000Z,14208045.7245825,True
1204448901291487233,2019-12-10T17:12:50.000Z,31559095.166655,True
1205328819185307648,2019-12-13T03:29:19.000Z,7560834.1043025,False
1205551025966456832,2019-12-13T18:12:17.000Z,10286146.04766,True
1205880457545560066,2019-12-14T16:01:19.000Z,17100052.0811925,True
1207751083298344961,2019-12-19T19:54:31.000Z,28231336.8266475,False
1209214676376141824,2019-12-23T20:50:19.000Z,49343787.370605,False
1209624889717596161,2019-12-25T00:00:22.000Z,225049981.39365,True
1211033245812441091,2019-12-28T21:16:40.000Z,73603921.4673,True
1211331851358494720,2019-12-29T17:03:13.000Z,60088359.5330025,True
1211445110694645760,2019-12-30T00:33:16.000Z,53727145.1682,False
1211694118767738886,2019-12-30T17:02:44.000Z,121819670.80374,True
1212422416716247040,2020-01-01T17:16:44.000Z,255122470.86774,False
1212883749727158273,2020-01-02T23:49:54.000Z,19332597.14694,True
1215377738858663937,2020-01-09T21:00:08.000Z,56077081.59417,False
1215378018790707205,2020-01-09T21:01:14.000Z,9837672.82197,False
1216428587328458754,2020-01-12T18:35:50.000Z,38453942.5760175,False
1216725015695183872,2020-01-13T14:13:44.000Z,29541954.3486375,False
1218174463046553600,2020-01-17T14:13:19.000Z,685786286.9141026,True
1219267208250941440,2020-01-20T14:35:29.000Z,70560973.945665,False
1221552460768202756,2020-01-26T21:56:16.000Z,1000527749.6134725,False
1223706755693187078,2020-02-01T20:36:40.000Z,81332965.9878225,False
1226696870292008960,2020-02-10T02:38:19.000Z,44344668.715515,False
1227293592860987392,2020-02-11T18:09:29.000Z,64583440.157985,False
1227337897692495873,2020-02-11T21:05:32.000Z,63956605.88751,False
1227978620926296064,2020-02-13T15:31:32.000Z,28181572.38141,False
1228373460616962048,2020-02-14T17:40:29.000Z,165096150.64572,True
1229432034650722304,2020-02-17T15:46:53.000Z,213228058.42674,True
1229931441624145920,2020-02-19T00:51:21.000Z,22998094.5828375,False
1229931522758774787,2020-02-19T00:51:40.000Z,4978092.3530625,False
1230878481543725056,2020-02-21T15:34:33.000Z,75897897.6098175,True
1232061971148746754,2020-02-24T21:57:19.000Z,92130993.7331175,True
1233418687308234754,2020-02-28T15:48:25.000Z,18609134.16558,False
1233418854686216192,2020-02-28T15:49:05.000Z,6611618.50713,False
1234955335305175041,2020-03-03T21:34:30.000Z,72785543.51754,False
1235246706817630208,2020-03-04T16:52:19.000Z,169688123.6342775,False
1236310244508254208,2020-03-07T15:18:26.000Z,57901162.729935,True
1237480895466127361,2020-03-10T20:50:11.000Z,26153226.3240675,False
1238238576141352966,2020-03-12T23:00:56.000Z,177067960.166895,False
1238830014432522240,2020-03-14T14:11:06.000Z,79231588.13535,False
1239267360739074048,2020-03-15T19:08:57.000Z,123461963.40975,False
1239267459028353024,2020-03-15T19:09:21.000Z,53615356.42764,False
1239957076211834881,2020-03-17T16:49:38.000Z,134887418.6440725,False
1240291302811500549,2020-03-18T14:57:44.000Z,31450602.08472,False
1240291304573227009,2020-03-18T14:57:45.000Z,12958397.887155,False
1240660582090657799,2020-03-19T15:25:07.000Z,1970540.20506,False
1240660579200700419,2020-03-19T15:25:07.000Z,21069606.9818325,False
1240660584800161793,2020-03-19T15:25:08.000Z,2729134.9073625,False
1240660590600892417,2020-03-19T15:25:09.000Z,5973842.65002,False
1240660587677450244,2020-03-19T15:25:09.000Z,10700278.5104775,False
1241354898299633664,2020-03-21T13:24:05.000Z,8147790.905415,False
1241354895829106688,2020-03-21T13:24:05.000Z,59086413.39783,False
1241354902875619329,2020-03-21T13:24:06.000Z,24522864.00228,False
1241354900677832709,2020-03-21T13:24:06.000Z,10387652.33331,False
1242099236231053314,2020-03-23T14:41:49.000Z,95845464.6561825,True
1242114805588267008,2020-03-23T15:43:41.000Z,40857532.3244025,False
1242493913337913345,2020-03-24T16:50:08.000Z,60098246.5088775,False
1242816471572545536,2020-03-25T14:11:51.000Z,42448544.4822075,False
1242964620870070272,2020-03-26T00:00:33.000Z,69650976.68613,False
1242964623504158720,2020-03-26T00:00:34.000Z,12550065.7835175,False
1243594515677622274,2020-03-27T17:43:32.000Z,76975050.6748125,False
1243990296385466368,2020-03-28T19:56:13.000Z,31410197.3099775,True
1243990301175353345,2020-03-28T19:56:14.000Z,6249425.6242425,False
1243990300009402368,2020-03-28T19:56:14.000Z,8176199.4827625,False
1244671710198104064,2020-03-30T17:03:55.000Z,43699971.9752925,False
1245007713387544576,2020-03-31T15:19:04.000Z,108733203.6224175,False
1245362232931880960,2020-04-01T14:47:48.000Z,38586032.5737075,False
1247233987304660993,2020-04-06T18:45:29.000Z,52689078.6144975,False
1247296532623261697,2020-04-06T22:54:01.000Z,19458293.5668975,False
1247555328365023238,2020-04-07T16:02:23.000Z,154915004.2818525,False
1247595056875425794,2020-04-07T18:40:15.000Z,20149920.48594,True
1247890918440448003,2020-04-08T14:15:54.000Z,57340439.3714775,False
1247997223360704512,2020-04-08T21:18:19.000Z,59624067.1459125,False
1248355116773769216,2020-04-09T21:00:27.000Z,38161024.4374275,False
1248609184767078405,2020-04-10T13:50:02.000Z,55522356.33441,False
1248719426352005120,2020-04-10T21:08:05.000Z,52191302.3357775,False
1248719429904429056,2020-04-10T21:08:06.000Z,15049559.19789,False
1248719432563732482,2020-04-10T21:08:07.000Z,16166128.34004,False
1249346924102275072,2020-04-12T14:41:33.000Z,123832461.3523725,True
1249722411781668865,2020-04-13T15:33:36.000Z,49190143.7655075,False
1249759749102546946,2020-04-13T18:01:58.000Z,30059636.4054525,False
1250088269502709762,2020-04-14T15:47:23.000Z,188908338.822105,False
1250091976487317507,2020-04-14T16:02:07.000Z,26918675.99631,False
1250464854114213889,2020-04-15T16:43:48.000Z,37741289.3549475,False
1251159923955609608,2020-04-17T14:45:45.000Z,8280210.4689675,False
1251237051518902279,2020-04-17T19:52:14.000Z,12059078.561565,False
1252281285923479553,2020-04-20T17:01:39.000Z,71139889.3397325,False
1252983624850341888,2020-04-22T15:32:30.000Z,25366684.436625,False
1253046061091950593,2020-04-22T19:40:36.000Z,50967228.80928,False
1253789288745091077,2020-04-24T20:53:55.000Z,69002522.895075,False
1253836363507609606,2020-04-25T00:00:58.000Z,24228627.60024,False
1254150519964217347,2020-04-25T20:49:19.000Z,64498609.9049775,False
1254823167937445890,2020-04-27T17:22:11.000Z,28158568.6842075,False
1256288574313553922,2020-05-01T18:25:11.000Z,17998316.7960225,False
1257687918388424707,2020-05-05T15:05:41.000Z,59242232.13762,True
1258036483090505729,2020-05-06T14:10:45.000Z,19324358.0003775,True
1259499248598626305,2020-05-10T15:03:15.000Z,156785092.8120225,True
1259952980503248896,2020-05-11T21:06:14.000Z,29135006.4216225,False
1260707691900612615,2020-05-13T23:05:11.000Z,60791784.9099225,False
1260955716644470784,2020-05-14T15:30:44.000Z,48367481.459535,True
1261004586359422979,2020-05-14T18:44:56.000Z,493253119.0835325,False
1261687858601103367,2020-05-16T16:00:01.000Z,41437831.8950925,True
1261775362960363521,2020-05-16T21:47:43.000Z,45448648.4417175,False
1261823767044476928,2020-05-17T01:00:04.000Z,162566600.8246875,True
1263221534094774272,2020-05-20T21:34:17.000Z,13365016.2483075,False
1264255694729084930,2020-05-23T18:03:41.000Z,20390437.6523925,False
1264314145899503616,2020-05-23T21:55:56.000Z,7855334.1590325,False
1264314143869460484,2020-05-23T21:55:56.000Z,21074352.7302525,False
1264314146717384712,2020-05-23T21:55:57.000Z,6105800.821365,False
1264926971890409472,2020-05-25T14:31:05.000Z,40474510.879005,False
1265659084524728321,2020-05-27T15:00:15.000Z,35706615.633045,True
1266400635429310466,2020-05-29T16:06:54.000Z,557712576.564045,True
1267459874788646912,2020-06-01T14:15:57.000Z,289336284.970005,False
1267534335340666895,2020-06-01T19:11:49.000Z,35613546.233475,False
1267534334136856577,2020-06-01T19:11:49.000Z,28166807.83077,False
1267534333067382784,2020-06-01T19:11:49.000Z,226828186.961355,False
1267534339455287296,2020-06-01T19:11:50.000Z,27072912.81996,False
1267534338469568512,2020-06-01T19:11:50.000Z,39790134.4089375,False
1267534337442033668,2020-06-01T19:11:50.000Z,28668670.726185,False
1267534336410124296,2020-06-01T19:11:50.000Z,29571681.189435,False
1267534342869442561,2020-06-01T19:11:51.000Z,49212026.9387775,False
1267534341678170112,2020-06-01T19:11:51.000Z,60358010.3217,False
1267534340503846912,2020-06-01T19:11:51.000Z,49196998.7354475,False
1267606608953192449,2020-06-01T23:59:01.000Z,187423446.872025,False
1268196824575291393,2020-06-03T15:04:19.000Z,42928524.2043525,False
1268196828140503042,2020-06-03T15:04:20.000Z,15595847.57157,False
1268196826374647808,2020-06-03T15:04:20.000Z,15252242.2033275,False
1268529169702543360,2020-06-04T13:04:56.000Z,23378281.7618175,False
1268682936968241157,2020-06-04T23:15:57.000Z,7594779.38814,False
1268682936221609994,2020-06-04T23:15:57.000Z,63401946.5409225,False
1268682939799425024,2020-06-04T23:15:58.000Z,8418694.04439,False
1268682938251710464,2020-06-04T23:15:58.000Z,10631399.245215,False
1268940899616243715,2020-06-05T16:21:00.000Z,71962287.993015,False
1269065755179524096,2020-06-06T00:37:08.000Z,31972041.1923675,False
1269772382509596677,2020-06-07T23:25:01.000Z,49993163.946075,False
1270735032815095815,2020-06-10T15:10:15.000Z,44311909.8687825,False
1271147928841785344,2020-06-11T18:30:57.000Z,42131370.2961375,False
1271147933178748933,2020-06-11T18:30:58.000Z,10119913.026615,False
1271147930460831751,2020-06-11T18:30:58.000Z,3000894.91758,False
1271147934608953345,2020-06-11T18:30:59.000Z,10877914.510365,False
1272696969899708417,2020-06-16T01:06:17.000Z,183670416.7430475,True
1272914549415477248,2020-06-16T15:30:52.000Z,21330557.23176,False
1272914550917038081,2020-06-16T15:30:53.000Z,7936011.8821725,False
1273637590013480961,2020-06-18T15:23:59.000Z,144935420.39949,False
1273637698012614664,2020-06-18T15:24:24.000Z,46958982.8763825,False
1274021940760641536,2020-06-19T16:51:15.000Z,99401018.92035,False
1275103999474229249,2020-06-22T16:30:58.000Z,35035289.9711325,False
1276240519182647297,2020-06-25T19:47:05.000Z,23708968.14825,False
1276529890867793920,2020-06-26T14:56:57.000Z,18363937.16388,False
1277602792715300864,2020-06-29T14:00:17.000Z,60804769.804905,True
1279082492193050625,2020-07-03T16:00:04.000Z,71505377.881245,False
1279423478542852098,2020-07-04T14:35:02.000Z,54991227.990405,False
1280909148855635969,2020-07-08T16:58:33.000Z,12323258.556945,False
1281290980264751111,2020-07-09T18:15:49.000Z,13947425.0405175,False
1281290985012682752,2020-07-09T18:15:50.000Z,6857013.2483475,False
1281290983519518720,2020-07-09T18:15:50.000Z,1514289.225015,False
1281290982198255620,2020-07-09T18:15:50.000Z,1911086.523465,False
1281290986522644483,2020-07-09T18:15:51.000Z,7408706.5021725,False
1282745078163939330,2020-07-13T18:33:53.000Z,7523197.682805,False
1282745076909735937,2020-07-13T18:33:53.000Z,32576003.591985,False
1283410551532597254,2020-07-15T14:38:14.000Z,21358438.5037275,False
1283410552853757954,2020-07-15T14:38:15.000Z,7784938.8908025,False
1284140415965429766,2020-07-17T14:58:27.000Z,17610483.6890325,True
1284358592083169280,2020-07-18T05:25:25.000Z,130510849.903245,False
1285594646698172418,2020-07-21T15:17:03.000Z,22924733.221845,True
1285937660536782848,2020-07-22T14:00:04.000Z,78977295.115845,False
1286300267642851329,2020-07-23T14:00:56.000Z,34499349.965535,True
1286729522956689410,2020-07-24T18:26:39.000Z,20274760.034655,False
1287372117370183687,2020-07-26T13:00:05.000Z,14437555.3912275,True
1287417455447552002,2020-07-26T16:00:15.000Z,65052544.2066675,True
1288149277861195787,2020-07-28T16:28:15.000Z,55362187.325235,True
1288448067616813056,2020-07-29T12:15:32.000Z,57797942.7018,True
1288836772718432258,2020-07-30T14:00:06.000Z,35526211.2799125,False
1288939275334057984,2020-07-30T20:47:25.000Z,67759004.98269,False
1289606838850396160,2020-08-01T17:00:04.000Z,16570769.3060175,True
1290007021446737920,2020-08-02T19:30:15.000Z,39314307.21666,True
1290301921673134082,2020-08-03T15:02:05.000Z,24205228.4240025,True
1291374155355561984,2020-08-06T14:02:45.000Z,53704405.1236875,False
1291374288109527040,2020-08-06T14:03:17.000Z,7173330.563175,False
1291374426592870402,2020-08-06T14:03:50.000Z,6412626.6393525,False
1291374652762329093,2020-08-06T14:04:44.000Z,9182561.8004925,False
1291374997332795393,2020-08-06T14:06:06.000Z,10730334.9171375,True
1291440263404167177,2020-08-06T18:25:27.000Z,19906503.1398975,False
1293295296819220481,2020-08-11T21:16:41.000Z,134022967.386735,True
1294284826502103047,2020-08-14T14:48:43.000Z,59522956.3392975,False
1294284825625604100,2020-08-14T14:48:43.000Z,22267249.3261575,False
1294284824325300225,2020-08-14T14:48:43.000Z,187439331.9465975,False
1295484711566024705,2020-08-17T22:16:38.000Z,62757183.8875275,True
1295561597272961024,2020-08-18T03:22:09.000Z,57244469.7923175,False
1295782636019949577,2020-08-18T18:00:29.000Z,44548735.897575,True
1295843193435676685,2020-08-18T22:01:07.000Z,7734119.834805,False
1295917438249381889,2020-08-19T02:56:08.000Z,120274995.6062025,False
1296288887011246080,2020-08-20T03:32:09.000Z,54255636.985305,False
1296494925719248897,2020-08-20T17:10:52.000Z,24682769.358765,True
1296650388100255745,2020-08-21T03:28:37.000Z,30729511.97757,False
1296824463816888320,2020-08-21T15:00:20.000Z,24150850.05669,False
1297893025901944835,2020-08-24T13:46:25.000Z,9701825.7734475,False
1297893024563900416,2020-08-24T13:46:25.000Z,9600583.1404875,False
1297893023276249093,2020-08-24T13:46:25.000Z,14577554.9696175,False
1298786988833857537,2020-08-27T00:58:43.000Z,81641241.895605,True
1299384266678304769,2020-08-28T16:32:05.000Z,66244781.6708475,False
1299384486241730568,2020-08-28T16:32:57.000Z,11479635.8621175,False
1299718379440398337,2020-08-29T14:39:43.000Z,209141771.2976025,False
1300826832078594048,2020-09-01T16:04:19.000Z,13987170.683535,True
1301188137855655938,2020-09-02T16:00:01.000Z,27211791.8744175,True
1301188208554844161,2020-09-02T16:00:18.000Z,7309309.4380425,False
1301528019702632448,2020-09-03T14:30:35.000Z,2974925.127615,False
1301528018687528960,2020-09-03T14:30:35.000Z,7829496.1954125,False
1301622917965459462,2020-09-03T20:47:41.000Z,20983656.2048925,False
1302275331592785923,2020-09-05T16:00:08.000Z,191743000.71864,False
1303015313320050688,2020-09-07T17:00:34.000Z,78816664.7144625,False
1303302067847663617,2020-09-08T12:00:01.000Z,39394853.113455,True
1303859640980172800,2020-09-10T00:55:37.000Z,164754324.933135,True
1304442086289297408,2020-09-11T15:30:03.000Z,27883183.4495025,False
1306246499882369026,2020-09-16T15:00:09.000Z,48549731.3814975,True
1306535933475532803,2020-09-17T10:10:15.000Z,80955415.3357425,True
1307031800909385733,2020-09-18T19:00:39.000Z,12515527.2811275,True
1307165496484208640,2020-09-19T03:51:54.000Z,113839563.009165,False
1308390673939410944,2020-09-22T13:00:20.000Z,34281177.36456,True
1308769164190941187,2020-09-23T14:04:19.000Z,70842027.713205,True
1309185985796886528,2020-09-24T17:40:37.000Z,35474799.0053625,True
1309479802978676739,2020-09-25T13:08:08.000Z,39514617.3478875,True
1311400185793216514,2020-09-30T20:19:03.000Z,66300412.3884375,True
1311518463538716673,2020-10-01T04:09:03.000Z,24334681.8947925,True
1311742965308633088,2020-10-01T19:01:08.000Z,9205829.150385,True
1311780749109010447,2020-10-01T21:31:16.000Z,20039120.4429675,True
1312166607821529089,2020-10-02T23:04:32.000Z,118188711.8702325,False
1312166609616687105,2020-10-02T23:04:33.000Z,86017151.5047075,False
1313101777533898753,2020-10-05T13:00:34.000Z,18342185.816955,False
1313211169394614276,2020-10-05T20:15:15.000Z,14737262.586585,True
1313528659270041603,2020-10-06T17:16:51.000Z,54524826.381795,False
1313856721497083905,2020-10-07T15:00:27.000Z,74877759.439035,True
1313901931903942656,2020-10-07T18:00:06.000Z,37678012.7093475,False
1314234187164143624,2020-10-08T16:00:22.000Z,42095052.13809,True
1314234272312635393,2020-10-08T16:00:42.000Z,4939862.7130125,False
1314234271217979392,2020-10-08T16:00:42.000Z,9025358.88408,False
1314271994054152192,2020-10-08T18:30:36.000Z,10104555.2574225,False
1314317282718494721,2020-10-08T21:30:33.000Z,4043707.2197025,False
1314317281560756227,2020-10-08T21:30:33.000Z,18086640.4471725,True
1314586348330811392,2020-10-09T15:19:43.000Z,6986598.5454825,False
1314686895192969217,2020-10-09T21:59:16.000Z,3894282.057645,False
1315474535433502720,2020-10-12T02:09:04.000Z,77926573.2330225,False
1315735710918422531,2020-10-12T19:26:53.000Z,93565198.453545,True
1315735779554013185,2020-10-12T19:27:09.000Z,13690429.58094,False
1316038685951954950,2020-10-13T15:30:48.000Z,15409642.8592575,True
1316431645050908675,2020-10-14T17:32:16.000Z,2379004.1350425,False
1316431644035895296,2020-10-14T17:32:16.000Z,16596541.356465,False
1316477752174874624,2020-10-14T20:35:29.000Z,10807453.3289625,True
1316539711956152323,2020-10-15T00:41:42.000Z,16971785.0475075,False
1316755809490087936,2020-10-15T15:00:23.000Z,2523353.9828175,False
1316755808047296512,2020-10-15T15:00:23.000Z,18297298.9464825,False
1316755813436923907,2020-10-15T15:00:24.000Z,2626178.5319175,False
1316755811918643200,2020-10-15T15:00:24.000Z,3164491.411725,False
1316755810500915201,2020-10-15T15:00:24.000Z,1826915.4021825,False
1316846446197563393,2020-10-15T21:00:33.000Z,81211488.010905,False
1317143964772859910,2020-10-16T16:42:47.000Z,9659773.1693925,False
1317194069848752131,2020-10-16T20:01:53.000Z,14674447.3331925,True
1318222954300383233,2020-10-19T16:10:18.000Z,11362376.32824,True
1318265822310240256,2020-10-19T19:00:38.000Z,6235583.8580175,True
1318741515649372166,2020-10-21T02:30:53.000Z,39743401.969635,True
1318741571588788224,2020-10-21T02:31:06.000Z,7954797.136335,False
1318933183040282626,2020-10-21T15:12:30.000Z,73871528.94765,False
1319032761269784579,2020-10-21T21:48:11.000Z,21862542.4470075,True
1319079038992994304,2020-10-22T00:52:04.000Z,104749543.3028625,True
1319247155828228096,2020-10-22T12:00:07.000Z,54655532.2028625,True
1319247226015809537,2020-10-22T12:00:23.000Z,8141726.893545,False
1319663574562803714,2020-10-23T15:34:48.000Z,32154357.0275025,True
1319703107232780293,2020-10-23T18:11:54.000Z,10940466.1110675,False
1319781191420203010,2020-10-23T23:22:11.000Z,26708347.0628625,True
1320083491904696326,2020-10-24T19:23:25.000Z,20534853.41334,False
1320364787952504833,2020-10-25T14:01:11.000Z,21570085.700625,False
1320440566723825665,2020-10-25T19:02:18.000Z,47243134.56303,False
1320470492889911298,2020-10-25T21:01:13.000Z,45071756.9213625,False
1320474054206345217,2020-10-25T21:15:22.000Z,14888467.4043,False
1320477828626948096,2020-10-25T21:30:22.000Z,27102969.22662,False
1320698630014193664,2020-10-26T12:07:45.000Z,30373778.5855875,False
1320841468530012160,2020-10-26T21:35:20.000Z,29478084.484485,True
1321107610272227329,2020-10-27T15:12:53.000Z,19356853.19442,True
1321119885443977217,2020-10-27T16:01:40.000Z,19879280.999655,False
1321497617721888768,2020-10-28T17:02:38.000Z,11702817.8642025,False
1321504536780017665,2020-10-28T17:30:08.000Z,25775082.453435,False
1321512358913679366,2020-10-28T18:01:13.000Z,6364707.762945,False
1321844387727421440,2020-10-29T16:00:35.000Z,7531502.74254,True
1321912311985197058,2020-10-29T20:30:29.000Z,32171296.712835,True
1322267580028125184,2020-10-30T20:02:12.000Z,55594135.7792625,True
1322282936629137409,2020-10-30T21:03:13.000Z,5546263.9000125,False
1322282938432737286,2020-10-30T21:03:14.000Z,2975188.780305,False
1322342828782084097,2020-10-31T01:01:12.000Z,11743222.638945,True
1322561848567386113,2020-10-31T15:31:31.000Z,33541236.090075,True
1322598253741920256,2020-10-31T17:56:11.000Z,12419953.1810025,False
1322621879857852416,2020-10-31T19:30:03.000Z,49920132.150945,True
1322646949707812868,2020-10-31T21:09:41.000Z,10018143.088275,False
1322679224692604928,2020-10-31T23:17:56.000Z,283478383.5904125,True
1322981436085993473,2020-11-01T19:18:48.000Z,26146964.57268,True
1323309305232269313,2020-11-02T17:01:38.000Z,12353974.09533,True
1323324599891877895,2020-11-02T18:02:25.000Z,13075261.9419975,False
1323341181292552194,2020-11-02T19:08:18.000Z,9825412.971885,False
1323373267219001344,2020-11-02T21:15:48.000Z,29358188.4237075,False
1323384479533142018,2020-11-02T22:00:21.000Z,12155905.0119675,False
1323394517941321730,2020-11-02T22:40:15.000Z,18465311.623185,False
1323455502874005505,2020-11-03T02:42:35.000Z,54555607.8333525,True
1323626668842459136,2020-11-03T14:02:44.000Z,25701589.2660975,True
1323687618526269442,2020-11-03T18:04:55.000Z,62474877.76971,True
1323703138529009669,2020-11-03T19:06:36.000Z,61135588.0176825,True
1323726205993033728,2020-11-03T20:38:15.000Z,51915785.2747275,True
1323770228191465472,2020-11-03T23:33:11.000Z,17462640.443115,False
1323770226555703296,2020-11-03T23:33:11.000Z,22689423.19602,True
1323777143566934020,2020-11-04T00:00:40.000Z,31726053.2325975,False
1323781320678531077,2020-11-04T00:17:16.000Z,17502913.3915125,False
1325136780396437507,2020-11-07T18:03:22.000Z,368493984.4389825,True
1326555766866780161,2020-11-11T16:01:55.000Z,83454447.3579075,False
1326993403268259840,2020-11-12T21:00:56.000Z,39125663.716965,False
1328458351869644806,2020-11-16T22:02:07.000Z,84168814.3214625,True
1328684558166986755,2020-11-17T13:00:59.000Z,53117250.5830575,True
1329447407105486849,2020-11-19T15:32:16.000Z,14334533.10261,True
1329831998400114690,2020-11-20T17:00:30.000Z,18759745.7647425,True
1330953347558494213,2020-11-23T19:16:20.000Z,18980686.7189625,False
1331681995857022987,2020-11-25T19:31:43.000Z,65842513.57908,False
1333833279775141888,2020-12-01T18:00:09.000Z,6165979.5478575,True
1334614943379968003,2020-12-03T21:46:13.000Z,8850886.7164725,True
1334614947335180289,2020-12-03T21:46:14.000Z,3811824.6788475,False
1334928550227550209,2020-12-04T18:32:22.000Z,6867493.442775,False
1334935534809083904,2020-12-04T19:00:08.000Z,4199130.4804575,False
1335954913344565258,2020-12-07T14:30:46.000Z,9904113.29985,True
1336370071917240321,2020-12-08T18:00:28.000Z,6386854.588905,False
1336679633769680898,2020-12-09T14:30:33.000Z,7287294.4384275,False
1337140440169123846,2020-12-10T21:01:38.000Z,30749417.755665,False
1337509978454810626,2020-12-11T21:30:03.000Z,4968337.2035325,False
1338213954250809345,2020-12-13T20:07:24.000Z,8910142.65855,False
1338592362499616771,2020-12-14T21:11:03.000Z,6650111.79987,False
1338612721600884736,2020-12-14T22:31:57.000Z,7552199.478705,False
1339265635415633921,2020-12-16T17:46:24.000Z,6820761.0034725,True
1339631669104570370,2020-12-17T18:00:53.000Z,24922693.306665,True
1339707405932896256,2020-12-17T23:01:50.000Z,4354421.9148675,False
1339933912928235522,2020-12-18T14:01:54.000Z,33076680.050295,True
1340386687898312706,2020-12-19T20:01:04.000Z,78517155.2586225,True
1341149075492794374,2020-12-21T22:30:31.000Z,54121305.93975,False
1341451483993260034,2020-12-22T18:32:11.000Z,8204542.1469375,False
1342259178711216128,2020-12-25T00:01:40.000Z,39144910.363335,True
1343967560048521219,2020-12-29T17:10:10.000Z,3388464.37188,False
1343998209157443585,2020-12-29T19:11:57.000Z,12104756.3901075,False
1345073745623453697,2021-01-01T18:25:45.000Z,76243612.19958,False
1345073746441351169,2021-01-01T18:25:46.000Z,6003437.6644725,False
1345430228684791808,2021-01-02T18:02:18.000Z,23204798.2917975,True
1346147424839065604,2021-01-04T17:32:10.000Z,65179690.71642,False
1346147427426959362,2021-01-04T17:32:11.000Z,4518875.280255,False
1346147425858289665,2021-01-04T17:32:11.000Z,7118358.97731,False
1346472919354937345,2021-01-05T15:05:34.000Z,18029230.073925,True
1346472921166794752,2021-01-05T15:05:35.000Z,2601263.3527125,False
1346577729957855232,2021-01-05T22:02:03.000Z,7849995.19206,False
1346581360010473472,2021-01-05T22:16:29.000Z,17540352.0734925,False
1346586029831106562,2021-01-05T22:35:02.000Z,76930229.7175125,False
1346883245447778306,2021-01-06T18:16:04.000Z,47712370.4380575,True
1346983894298595330,2021-01-07T00:56:00.000Z,249553401.0100425,True
1347608258350116865,2021-01-08T18:17:00.000Z,18141084.7276575,False
1347608257049800707,2021-01-08T18:17:00.000Z,48031126.5402675,False
1347608259822297088,2021-01-08T18:17:01.000Z,20753882.8855575,True
1350805241038561282,2021-01-17T14:00:40.000Z,422707634.733405,True
1351175958229880843,2021-01-18T14:33:46.000Z,9131347.26546,False
1351175956992548870,2021-01-18T14:33:46.000Z,108271943.2412625,True
1351903613237547010,2021-01-20T14:45:13.000Z,668325360.2134725,True
1351995663475728386,2021-01-20T20:50:59.000Z,148516351.23507,True
1352092714599391233,2021-01-21T03:16:38.000Z,97271759.79591,False
1352388858227384322,2021-01-21T22:53:24.000Z,35295581.089335,False
1352692708448595968,2021-01-22T19:00:48.000Z,49798720.0872,True
1354074402435059712,2021-01-26T14:31:09.000Z,8598439.2657975,False
1354554094673920002,2021-01-27T22:17:17.000Z,9006837.2826075,True
1355003969911857153,2021-01-29T04:04:55.000Z,72593406.6197025,True
1355908844615061508,2021-01-31T16:00:34.000Z,60665956.66362,True
1356598745241161728,2021-02-02T13:41:59.000Z,12264661.7465925,True
1357064085754511361,2021-02-03T20:31:05.000Z,35866586.9027025,True
1357743471885484032,2021-02-05T17:30:44.000Z,12413823.25596,False
1359177932699291650,2021-02-09T16:30:46.000Z,16007738.9865225,False
1360288086899515393,2021-02-12T18:02:07.000Z,12661327.2186975,True
1360952254627520512,2021-02-14T14:01:17.000Z,201824156.799825,True
1361423349495328773,2021-02-15T21:13:15.000Z,15949999.0474125,False
1362148679772237825,2021-02-17T21:15:27.000Z,15634802.2565175,False
1362477653824004097,2021-02-18T19:02:40.000Z,4156352.831505,False
1362535835682357254,2021-02-18T22:53:52.000Z,17017726.52874,False
1362870605029212163,2021-02-19T21:04:07.000Z,10483951.4783325,True
1363665518453006336,2021-02-22T01:42:49.000Z,35833762.1427975,False
1363905910389805060,2021-02-22T17:38:03.000Z,23182453.72632,True
1364391500864499715,2021-02-24T01:47:37.000Z,47490704.43894,False
1364598346128781317,2021-02-24T15:29:33.000Z,6215282.6008875,True
1364659101658198024,2021-02-24T19:30:58.000Z,3726137.5545975,True
1365019501557858314,2021-02-25T19:23:04.000Z,3722512.33011,False
1365417898408374274,2021-02-26T21:46:09.000Z,5974699.5212625,True
1365727953036967939,2021-02-27T18:18:12.000Z,2545764.4614675,False
1365727951250206732,2021-02-27T18:18:12.000Z,16451598.2901375,True
1366418315787329542,2021-03-01T16:01:27.000Z,12565291.726365,True
1366781626244599809,2021-03-02T16:05:07.000Z,11884606.3939575,True
1366878648544993281,2021-03-02T22:30:39.000Z,18687373.1013375,False
1367580795360133124,2021-03-04T21:00:44.000Z,2109353.346345,False
1367580793648926726,2021-03-04T21:00:44.000Z,4361342.79798,False
1367882853451759616,2021-03-05T17:01:00.000Z,15140123.896905,True
1368287775468949513,2021-03-06T19:50:01.000Z,46274079.100935,False
1368287777100599309,2021-03-06T19:50:02.000Z,12535301.2328775,False
1368287782272196614,2021-03-06T19:50:03.000Z,13560778.3706325,False
1368592779446804481,2021-03-07T16:02:00.000Z,12194332.391535,True
1368995096444735489,2021-03-08T18:40:40.000Z,10170270.690405,True
1370011662275723267,2021-03-11T14:00:08.000Z,20756519.4124575,True
1370472369102422028,2021-03-12T20:30:49.000Z,7520495.2427325,False
1371491529127292930,2021-03-15T16:00:36.000Z,6580705.2292275,True
1371525378645266435,2021-03-15T18:15:06.000Z,3552983.65044,True
1371568939042537473,2021-03-15T21:08:12.000Z,4367802.288885,False
1372191748554952714,2021-03-17T14:23:01.000Z,9113023.403505,False
1372191747464396802,2021-03-17T14:23:01.000Z,12359906.280855,False
1372191746583629827,2021-03-17T14:23:01.000Z,45662009.3811,False
1372533275709820936,2021-03-18T13:00:08.000Z,9287231.9184225,True
1372956311294513160,2021-03-19T17:01:07.000Z,16222418.189355,True
1372995534240235520,2021-03-19T19:36:59.000Z,4249949.536455,False
1374022255739551744,2021-03-22T15:36:48.000Z,10372492.303635,True
1374046983736987655,2021-03-22T17:15:04.000Z,2581753.0536525,False
1374393037619523597,2021-03-23T16:10:09.000Z,37432420.2286125,True
1374421092236857359,2021-03-23T18:01:38.000Z,7753959.6997275,True
1374421097655848960,2021-03-23T18:01:39.000Z,510893.0000475,False
1374421094749278215,2021-03-23T18:01:39.000Z,550836.3825825,False
1374421101694963726,2021-03-23T18:01:40.000Z,2275652.2805625,False
1374421099933397004,2021-03-23T18:01:40.000Z,2175596.0847075,False
1374421098696085511,2021-03-23T18:01:40.000Z,532578.4338,False
1374847649195700231,2021-03-24T22:16:37.000Z,22792511.39781,False
1375462571436834818,2021-03-26T15:00:06.000Z,6410121.9387975,False
1376528504490196993,2021-03-29T13:35:44.000Z,152872157.32656,True
1376913644873736199,2021-03-30T15:06:09.000Z,12991552.2129225,True
1376984440048660485,2021-03-30T19:47:28.000Z,3344500.2858225,True
1378331478380142593,2021-04-03T13:00:07.000Z,73508808.7593825,False
1378716884732936202,2021-04-04T14:31:35.000Z,67910934.8453025,True
1379090503132663821,2021-04-05T15:16:12.000Z,1485419.25546,False
1379090502058934272,2021-04-05T15:16:12.000Z,6875139.370785,False
1379177193453019142,2021-04-05T21:00:41.000Z,7818290.9560875,True
1379510006207381505,2021-04-06T19:03:10.000Z,9439161.781035,True
1380555008593305606,2021-04-09T16:15:38.000Z,55421179.6146225,True
1381978746157203456,2021-04-13T14:33:03.000Z,4013518.9866975,False
1381978744257122311,2021-04-13T14:33:03.000Z,28972728.1909275,True
1382340372119105537,2021-04-14T14:30:02.000Z,11008883.9841225,True
1382405939697958912,2021-04-14T18:50:34.000Z,16942387.7725725,True
1383926520377270276,2021-04-18T23:32:49.000Z,9052910.590185,True
1384328303239106568,2021-04-20T02:09:21.000Z,14015381.521365,False
1384507401827725313,2021-04-20T14:01:02.000Z,5446800.92271,True
1384532417353064450,2021-04-20T15:40:26.000Z,5039127.9507975,False
1384626851511951360,2021-04-20T21:55:41.000Z,86634362.4519975,True
1385250797949181955,2021-04-22T15:15:01.000Z,4241644.47672,False
1385987279177531405,2021-04-24T16:01:32.000Z,11811970.0778625,True
1386757369540055040,2021-04-26T19:01:36.000Z,17316313.200165,True
1386801123076489224,2021-04-26T21:55:27.000Z,3270150.2272425,False
1387897264711012357,2021-04-29T22:31:08.000Z,19679959.566015,False
1387908687830949894,2021-04-29T23:16:31.000Z,3102730.7690925,False
1388115964202557441,2021-04-30T13:00:10.000Z,6523822.16136,True
1388116011367424000,2021-04-30T13:00:21.000Z,2231622.2813325,False
1390325192585453568,2021-05-06T15:18:51.000Z,23240391.4049475,True
1390376149809864704,2021-05-06T18:41:20.000Z,2840791.8215775,False
1391106025269440516,2021-05-08T19:01:36.000Z,186212358.24051,True
1391106033922318340,2021-05-08T19:01:38.000Z,45942206.2773975,True
1391106043900579842,2021-05-08T19:01:41.000Z,63087870.27396,True
1391415644252512267,2021-05-09T15:31:55.000Z,55171039.124985,True
1391786558748045312,2021-05-10T16:05:48.000Z,5121387.5900775,False
1392547819425345538,2021-05-12T18:30:47.000Z,19180535.4579825,False
1393290129788350468,2021-05-14T19:40:27.000Z,10462397.870925,True
1394336949939445760,2021-05-17T17:00:09.000Z,6334849.0958025,False
1395835463248842761,2021-05-21T20:14:42.000Z,3615798.9038325,False
1396877914545786882,2021-05-24T17:17:02.000Z,4559807.3603775,True
1396920200663011329,2021-05-24T20:05:04.000Z,2343674.6745825,False
1397205848699674630,2021-05-25T15:00:07.000Z,7792650.731985,False
1397205846778654720,2021-05-25T15:00:07.000Z,38649836.5246875,False
1397205852524777479,2021-05-25T15:00:08.000Z,8902760.38323,False
1397576193365401604,2021-05-26T15:31:44.000Z,1739778.1881375,False
1397576191981330442,2021-05-26T15:31:44.000Z,4435231.4643525,False
1397637033942831104,2021-05-26T19:33:30.000Z,1895201.4488925,False
1398345940315086854,2021-05-28T18:30:26.000Z,30326189.2750425,True
1399350457001250819,2021-05-31T13:02:02.000Z,27852401.997945,True
1399412024396894211,2021-05-31T17:06:41.000Z,15694387.7644575,True
1399787983209996289,2021-06-01T18:00:36.000Z,5607101.75823,True
1399878518960529412,2021-06-02T00:00:22.000Z,6798811.91703,False
1400140945975386113,2021-06-02T17:23:09.000Z,5446471.3568475,True
1400172449816317953,2021-06-02T19:28:20.000Z,5360520.5799075,True
1400484971760996354,2021-06-03T16:10:11.000Z,4416907.6023975,True
1400845069217828872,2021-06-04T16:01:05.000Z,8445454.792425,False
1401226146973470722,2021-06-05T17:15:21.000Z,21215868.31161,False
1403018040934027266,2021-06-10T15:55:42.000Z,60718489.4621025,True
1404885369146036230,2021-06-15T19:35:48.000Z,9253682.11362,True
1405578417865691139,2021-06-17T17:29:43.000Z,3145376.5917,False
1405578416095731712,2021-06-17T17:29:43.000Z,43393871.2022025,False
1405578420155731976,2021-06-17T17:29:44.000Z,3480742.81338,False
1405578419237163008,2021-06-17T17:29:44.000Z,3915901.578225,False
1405874188406210560,2021-06-18T13:05:01.000Z,2445642.35244,False
1406265927444963349,2021-06-19T15:01:38.000Z,14939681.9393325,False
1406628503488024581,2021-06-20T15:02:23.000Z,8385144.2395875,False
1407444434157977601,2021-06-22T21:04:36.000Z,6030264.32568,True
1407700032061689856,2021-06-23T14:00:16.000Z,3835421.5946025,False
1408485199189512196,2021-06-25T18:00:14.000Z,2700396.7641525,False
1408818108224131074,2021-06-26T16:03:06.000Z,19796428.1418225,False
1408833192543637506,2021-06-26T17:03:02.000Z,3837398.9897775,False
1409935053711458304,2021-06-29T18:01:26.000Z,5426763.31827,True
1411671471366234114,2021-07-04T13:01:21.000Z,76532443.721475,True
1412075067903811588,2021-07-05T15:45:05.000Z,5498872.328985,False
1412075066070810625,2021-07-05T15:45:05.000Z,8214297.2964675,False
1412864203258540033,2021-07-07T20:00:50.000Z,2418354.299025,True
1413287052666363909,2021-07-09T00:01:05.000Z,3281421.37974,True
1413494731997392899,2021-07-09T13:46:20.000Z,13222116.4903275,False
1413576041482932225,2021-07-09T19:09:25.000Z,19860561.658665,True
1413848757083545601,2021-07-10T13:13:06.000Z,41248001.9582925,True
1415692657003667457,2021-07-15T15:20:06.000Z,5150916.6913575,True
1416414493756727300,2021-07-17T15:08:25.000Z,33260907.3674325,False
1416480269800939521,2021-07-17T19:29:47.000Z,4631586.80523,False
1416480267024306184,2021-07-17T19:29:47.000Z,10966369.98786,True
1416802924424957955,2021-07-18T16:51:54.000Z,4745682.5068275,False
1418244880246075392,2021-07-22T16:21:43.000Z,4616229.0360375,True
1418715270961500163,2021-07-23T23:30:53.000Z,13590637.037775,False
1419451561051189248,2021-07-26T00:16:38.000Z,9725356.77603,False
1419758772445057031,2021-07-26T20:37:23.000Z,8535689.9255775,False
1420135139347034112,2021-07-27T21:32:56.000Z,5122244.46132,False
1423361943100854272,2021-08-05T19:15:06.000Z,6432861.98331,False
1423690344798035972,2021-08-06T17:00:03.000Z,14386802.2484025,False
1423690346416967685,2021-08-06T17:00:04.000Z,5642299.392345,False
1425812142176018436,2021-08-12T13:31:19.000Z,4806915.84408,False
1426589810131718148,2021-08-14T17:01:30.000Z,8481047.905575,False
1427639234576490506,2021-08-17T14:31:32.000Z,9477391.421085,False
1430187128017805316,2021-08-24T15:15:57.000Z,10072455.542415,False
1430565712330952705,2021-08-25T16:20:19.000Z,8356537.9227225,False
1431244018248257537,2021-08-27T13:15:39.000Z,29271380.775525,False
1431244020978753546,2021-08-27T13:15:40.000Z,3563595.6712125,False
1431244029749047296,2021-08-27T13:15:42.000Z,6962012.93214,False
1431244052742213641,2021-08-27T13:15:48.000Z,7892509.1883225,False
1432822074117079040,2021-08-31T21:46:17.000Z,5598335.3062875,False
1434894258780114956,2021-09-06T15:00:24.000Z,18971920.26702,False
1434894261112164352,2021-09-06T15:00:25.000Z,2937354.61929,False
1435262267013181440,2021-09-07T15:22:44.000Z,2611348.068105,False
1435657058536337418,2021-09-08T17:31:30.000Z,6310856.7010125,False
1435736097535954944,2021-09-08T22:45:34.000Z,45984522.5341425,False
1436111878045028353,2021-09-09T23:38:48.000Z,2888447.045295,False
1436655211846721537,2021-09-11T11:37:48.000Z,40549783.722,True
1437808539016343558,2021-09-14T16:00:43.000Z,3450620.4935475,False
1437878127011696641,2021-09-14T20:37:14.000Z,15114154.10694,False
1438541175607242766,2021-09-16T16:31:57.000Z,31492456.9492575,False
1440069580437671952,2021-09-20T21:45:17.000Z,9652259.0677275,True
1440069585865039874,2021-09-20T21:45:19.000Z,1936199.4421875,False
1441107723941081088,2021-09-23T18:30:30.000Z,9693520.7137125,False
1441417526890536967,2021-09-24T15:01:33.000Z,5863635.8256,False
1442647737087012868,2021-09-28T00:29:58.000Z,5542704.5886975,True
1442912660522106882,2021-09-28T18:02:40.000Z,6862549.9548375,True
1442918092892299264,2021-09-28T18:24:16.000Z,3523059.070125,False
1442983205502586882,2021-09-28T22:43:00.000Z,23696576.47182,True
1444045206916063234,2021-10-01T21:03:01.000Z,39365455.83852,False
1444739482050301953,2021-10-03T19:01:49.000Z,77091519.25062,True
1445434311692505089,2021-10-05T17:02:49.000Z,4773761.5183125,True
1445464088335708160,2021-10-05T19:01:08.000Z,6400366.7892675,False
1445464092555112448,2021-10-05T19:01:09.000Z,2774812.735905,False
1445464090432868355,2021-10-05T19:01:09.000Z,1976472.390585,False
1445464097752035330,2021-10-05T19:01:10.000Z,3628256.493435,False
1446211362103889924,2021-10-07T20:30:32.000Z,4131767.2181625,False
1446211368554795010,2021-10-07T20:30:34.000Z,2124579.2891925,True
1446868274671755271,2021-10-09T16:00:52.000Z,11108017.3955625,False
1447000963672428545,2021-10-10T00:48:08.000Z,7265477.17833,False
1448371831698767877,2021-10-13T19:35:28.000Z,5123694.551115,False
1449869175711838213,2021-10-17T22:45:23.000Z,8749709.996685,False
1450148473295228929,2021-10-18T17:15:13.000Z,19353623.4489675,True
1450854359630295040,2021-10-20T16:00:09.000Z,1213131.9398625,False
1450861885889388546,2021-10-20T16:30:03.000Z,10066061.9646825,False
1451260787373350914,2021-10-21T18:55:09.000Z,3107542.430685,False
1451896893743767555,2021-10-23T13:02:49.000Z,3894018.404955,False
1452052888268808195,2021-10-23T23:22:41.000Z,12047609.66955,True
1452435380238622721,2021-10-25T00:42:34.000Z,4365429.414675,False
1452687910055002115,2021-10-25T17:26:02.000Z,4374459.5193075,False
1453413921822580747,2021-10-27T17:30:56.000Z,3497221.106505,False
1453757017148043272,2021-10-28T16:14:17.000Z,8326942.90827,True
1454115859534950406,2021-10-29T16:00:11.000Z,4239007.94982,True
1455535543207530496,2021-11-02T14:01:30.000Z,8347837.3839525,False
1455535546395156483,2021-11-02T14:01:31.000Z,1457142.5044575,False
1456350991419326466,2021-11-04T20:01:48.000Z,4669157.313555,True
1457713555361476611,2021-11-08T14:16:09.000Z,4538319.6661425,False
1458212067899584515,2021-11-09T23:17:03.000Z,1301982.8963925,False
1458212066179887107,2021-11-09T23:17:03.000Z,406882.0138425,False
1458212064904744961,2021-11-09T23:17:03.000Z,5140897.8891375,True
1458212068646133771,2021-11-09T23:17:04.000Z,1494515.273265,False
1458457339535761414,2021-11-10T15:31:41.000Z,1676633.3688825,True
1458519999308500997,2021-11-10T19:40:40.000Z,5529719.693715,True
1458601125960163332,2021-11-11T01:03:02.000Z,3558849.9227925,False
1458800452393439239,2021-11-11T14:15:05.000Z,1592066.768565,False
1458800450283659272,2021-11-11T14:15:05.000Z,14533195.404525,True
1459940709088350208,2021-11-14T17:46:04.000Z,3618896.82294,True
1460650387107688450,2021-11-16T16:46:04.000Z,1501502.06955,False
1460676660769001475,2021-11-16T18:30:28.000Z,2808362.5407075,True
1461016629119225867,2021-11-17T17:01:23.000Z,4418819.0844,True
1461379395512381445,2021-11-18T17:02:53.000Z,3086054.73645,False
1462118955930247174,2021-11-20T18:01:38.000Z,46949755.0322325,True
1463881629861097483,2021-11-25T14:45:52.000Z,28262645.583585,True
1464644791816400899,2021-11-27T17:18:24.000Z,2818513.1692725,True
1465010274029785092,2021-11-28T17:30:42.000Z,12188136.55332,False
1465689642146185219,2021-11-30T14:30:16.000Z,2279409.331395,True
1465817526315716609,2021-11-30T22:58:26.000Z,8490605.3155875,True
1466150329309880325,2021-12-01T21:00:52.000Z,8261820.69384,True
1466527628878389257,2021-12-02T22:00:08.000Z,4180674.7921575,True
1466808436939759616,2021-12-03T16:35:58.000Z,4399308.78534,True
1466852810260164610,2021-12-03T19:32:17.000Z,4783253.0151525,True
1467245114338811905,2021-12-04T21:31:10.000Z,11161209.32577,True
1467576072401309708,2021-12-05T19:26:16.000Z,14431755.0320475,False
1468249298710286342,2021-12-07T16:01:26.000Z,13644685.839225,True
1468955080082690056,2021-12-09T14:45:57.000Z,7539148.67055,True
1469020221931409411,2021-12-09T19:04:48.000Z,2816140.2950625,True
1470770564860162055,2021-12-14T15:00:02.000Z,2462054.7323925,False
1470868857221009414,2021-12-14T21:30:37.000Z,30925999.1447925,False
1470868859704029189,2021-12-14T21:30:38.000Z,8024071.8806325,False
1471148313835618309,2021-12-15T16:01:05.000Z,3454838.9365875,False
1471168495312420877,2021-12-15T17:21:16.000Z,12177458.619375,True
1471168498768519169,2021-12-15T17:21:17.000Z,2234588.374095,False
1471549865247260677,2021-12-16T18:36:42.000Z,6873755.1941625,True
1471865356557893639,2021-12-17T15:30:21.000Z,13306485.3511275,True
1471906370454753288,2021-12-17T18:13:20.000Z,1515805.2279825,False
1472258324695552005,2021-12-18T17:31:52.000Z,2476885.196205,False
1473012930241302539,2021-12-20T19:30:24.000Z,1798440.9116625,False
1473745362112372744,2021-12-22T20:00:49.000Z,12124859.90772,True
1474749380678803459,2021-12-25T14:30:26.000Z,47511335.2619325,True
1475101312127840264,2021-12-26T13:48:53.000Z,31141007.9134875,True
1475101314149494788,2021-12-26T13:48:54.000Z,5772148.34217,False
1475527416231739393,2021-12-27T18:02:04.000Z,9949988.86791,False
1476009363689123849,2021-12-29T01:57:09.000Z,29253188.739915,True
1476946708022112259,2021-12-31T16:01:50.000Z,6213832.5110925,False
1477301228405198854,2022-01-01T15:30:34.000Z,68761544.336415,False
1479090410211393543,2022-01-06T14:00:08.000Z,35702067.6241425,True
1479512077878366209,2022-01-07T17:55:42.000Z,28362504.0399225,True
1479945848071106570,2022-01-08T22:39:20.000Z,5449635.1891275,False
1480591880215793675,2022-01-10T17:26:26.000Z,6425875.187025,True
1480592016685903888,2022-01-10T17:26:59.000Z,1408103.1041175,False
1481417820692955136,2022-01-13T00:08:26.000Z,11341745.5052475,False
1481417826753728518,2022-01-13T00:08:27.000Z,5814662.3384325,False
1481417823104688131,2022-01-13T00:08:27.000Z,4956868.3115175,False
1481710791481077764,2022-01-13T19:32:36.000Z,13216975.2628725,False
1482042626299805700,2022-01-14T17:31:11.000Z,2897806.71579,False
1482042628393041921,2022-01-14T17:31:12.000Z,971757.9021675,False
1483080590631096322,2022-01-17T14:15:41.000Z,12093617.063955,True
1483122103708798978,2022-01-17T17:00:39.000Z,138372445.813665,True
1483560345218207754,2022-01-18T22:02:04.000Z,1849457.7071775,False
1483862020739014656,2022-01-19T18:00:49.000Z,3145442.5048725,False
1484222198600634380,2022-01-20T17:52:02.000Z,2281584.4660875,True
1484280247650557956,2022-01-20T21:42:42.000Z,11196736.5257475,True
1484280253098995712,2022-01-20T21:42:43.000Z,1051578.754065,False
1484280251257696265,2022-01-20T21:42:43.000Z,1197708.2574975,False
1484280257800773636,2022-01-20T21:42:44.000Z,1996444.0818525,False
1484280256404103169,2022-01-20T21:42:44.000Z,1621332.217155,False
1486452033926406151,2022-01-26T21:32:36.000Z,4508856.478035,False
1486730904970006542,2022-01-27T16:00:44.000Z,22030950.602745,False
1487131150321598469,2022-01-28T18:31:10.000Z,2651423.276985,False
1487176180524531722,2022-01-28T21:30:06.000Z,2816074.38189,False
1487470798185152518,2022-01-29T17:00:48.000Z,9772089.2153325,True
1487470802824011780,2022-01-29T17:00:49.000Z,1597867.127745,False
1488165435744960514,2022-01-31T15:01:03.000Z,5641112.95524,True
1488905269434363908,2022-02-02T16:00:53.000Z,2366810.19813,False
1489298145955700741,2022-02-03T18:02:02.000Z,1623309.61233,False
1489298144626151432,2022-02-03T18:02:02.000Z,22478764.69671,False
1491774004411129863,2022-02-10T14:00:13.000Z,17957977.9344525,True
1491774011000475648,2022-02-10T14:00:14.000Z,2058666.1166925,False
1491774008693608460,2022-02-10T14:00:14.000Z,2736319.443165,False
1491925070163365896,2022-02-11T00:00:30.000Z,9182759.54001,True
1493284067898544131,2022-02-14T18:00:40.000Z,38563556.181885,True
1493653951752900611,2022-02-15T18:30:27.000Z,1773525.7324575,False
1494394661326176264,2022-02-17T19:33:46.000Z,6216666.77751,True
1494394666606903300,2022-02-17T19:33:47.000Z,1723431.7213575,False
1494394664358752260,2022-02-17T19:33:47.000Z,690770.0478,False
1494394668506824712,2022-02-17T19:33:48.000Z,1587255.1069725,False
1495775428421824512,2022-02-21T15:00:26.000Z,11917892.54607,False
1496241382146646028,2022-02-22T21:51:58.000Z,3108399.3019275,False
1496241385120407553,2022-02-22T21:51:59.000Z,459546.63867,False
1496241389104939008,2022-02-22T21:52:00.000Z,448539.1388625,True
1496241393018327044,2022-02-22T21:52:01.000Z,1000693.784895,True
1496241395174150144,2022-02-22T21:52:02.000Z,1033914.023835,False
1496617242406096898,2022-02-23T22:45:31.000Z,2723004.98232,False
1496947181214916614,2022-02-24T20:36:34.000Z,56854066.0716,True
1497243703366275081,2022-02-25T16:14:50.000Z,3060941.8177275,False
1497243701483032576,2022-02-25T16:14:50.000Z,15697222.030875,False
1497243705165684744,2022-02-25T16:14:51.000Z,3242466.6947925,False
1497572176614109188,2022-02-26T14:00:05.000Z,12039106.8702975,True
1498342513186422796,2022-02-28T17:01:07.000Z,3065819.3924925,True
1499505056126808068,2022-03-03T22:00:39.000Z,16270864.3711425,False
1502061138057605138,2022-03-10T23:17:36.000Z,3003663.270825,False
1502061135725568003,2022-03-10T23:17:36.000Z,17762809.03068,False
1502061142289616898,2022-03-10T23:17:37.000Z,4680823.9450875,True
1502061139877941250,2022-03-10T23:17:37.000Z,5231989.8935325,True
1502061143963185202,2022-03-10T23:17:38.000Z,4441559.1289125,False
1503092299173089288,2022-03-13T19:35:04.000Z,92389834.761525,False
1504178334476943362,2022-03-16T19:30:35.000Z,3681184.7709525,False
1504178338423844872,2022-03-16T19:30:36.000Z,3211619.3300625,False
1504178336582586371,2022-03-16T19:30:36.000Z,2329832.9083575,True
1504185850631970833,2022-03-16T20:00:27.000Z,1983854.665905,False
1506662257891201034,2022-03-23T16:00:49.000Z,10434121.1199225,True
1506662262123253771,2022-03-23T16:00:50.000Z,2523222.1564725,False
1506662260588089357,2022-03-23T16:00:50.000Z,1723827.2003925,False
1506718741459091464,2022-03-23T19:45:16.000Z,3807738.0621525,True
1506730193712467970,2022-03-23T20:30:46.000Z,7594977.1276575,True
1507085038940262408,2022-03-24T20:00:48.000Z,4834994.855565,False
1510050583197237252,2022-04-02T00:24:49.000Z,2218835.1258675,True
1510286021182771200,2022-04-02T16:00:21.000Z,9313003.96887,True
1511025864888172555,2022-04-04T17:00:14.000Z,2927072.16438,False
1511190171361943552,2022-04-05T03:53:08.000Z,8500096.8124275,False
1511358084106629120,2022-04-05T15:00:21.000Z,12961298.066745,False
1511358089538199557,2022-04-05T15:00:22.000Z,897210.10407,False
1511358087810240513,2022-04-05T15:00:22.000Z,919686.4958925,False
1511358086082183175,2022-04-05T15:00:22.000Z,1034902.7214225,False
1511358093459865606,2022-04-05T15:00:23.000Z,1731539.041575,False
1511358091769655296,2022-04-05T15:00:23.000Z,1658375.4201,False
1511399609507196932,2022-04-05T17:45:22.000Z,2726893.8594975,False
1511509114781900804,2022-04-06T01:00:30.000Z,12245415.1002225,False
1511815017838125056,2022-04-06T21:16:03.000Z,2286791.606715,True
1511898624631918595,2022-04-07T02:48:16.000Z,9411610.07493,True
1512105828798677005,2022-04-07T16:31:37.000Z,4078641.2011275,True
1512159547842048011,2022-04-07T20:05:05.000Z,38419733.63949,True
1512453420443217920,2022-04-08T15:32:50.000Z,2908023.2575275,True
1512868086239617025,2022-04-09T19:00:34.000Z,3377654.61159,False
1513619385444974594,2022-04-11T20:45:57.000Z,2860302.1206375,False
1513619383310065665,2022-04-11T20:45:57.000Z,11545087.64241,True
1513993294103072781,2022-04-12T21:31:44.000Z,3492145.7922225,True
1514226908946391042,2022-04-13T13:00:02.000Z,7707490.913115,True
1514227018619133955,2022-04-13T13:00:28.000Z,1092115.3551525,False
1514273499665293318,2022-04-13T16:05:10.000Z,2469766.573575,True
1514635981756014600,2022-04-14T16:05:33.000Z,2601592.918575,True
1514967990277652486,2022-04-15T14:04:50.000Z,7208725.9368075,False
1514967999287119878,2022-04-15T14:04:52.000Z,2451376.7984475,True
1514998527574822921,2022-04-15T16:06:10.000Z,5215313.86089,True
1515065158854496264,2022-04-15T20:30:57.000Z,1772866.6007325,False
1515073777494802434,2022-04-15T21:05:11.000Z,8334325.18359,True
1515691678140715009,2022-04-17T14:00:30.000Z,15944857.8199575,True
1516477535009140739,2022-04-19T18:03:13.000Z,1249318.271565,False
1516519230820212743,2022-04-19T20:48:54.000Z,21100322.5202175,False
1516519233022275600,2022-04-19T20:48:55.000Z,6708181.3048425,False
1516519242925056013,2022-04-19T20:48:57.000Z,5164692.54441,True
1516809484546584586,2022-04-20T16:02:16.000Z,11069853.668685,False
1516809487222460427,2022-04-20T16:02:17.000Z,2109551.0858625,False
1516809485997723652,2022-04-20T16:02:17.000Z,1655211.58782,False
1517222378748612608,2022-04-21T19:22:58.000Z,4918375.0187775,False
1517333872375042048,2022-04-22T02:46:00.000Z,6491656.53318,True
1517333877580197888,2022-04-22T02:46:01.000Z,1086908.214525,False
1517333880985980928,2022-04-22T02:46:02.000Z,2832750.4145325,False
1517333885255790592,2022-04-22T02:46:03.000Z,2043044.69481,False
1517333882856566784,2022-04-22T02:46:03.000Z,2229710.79933,False
1517569559397474304,2022-04-22T18:22:32.000Z,15516817.6777425,False
1517609276067307523,2022-04-22T21:00:21.000Z,3184331.2766475,False
1517615941412040704,2022-04-22T21:26:51.000Z,5649945.320355,True
1519693114356740097,2022-04-28T15:00:47.000Z,4154309.5231575,True
1519776352240549888,2022-04-28T20:31:33.000Z,1526417.248755,False
1520071084967612417,2022-04-29T16:02:42.000Z,2151669.60309,False
1520101200653340673,2022-04-29T18:02:23.000Z,3192636.3363825,True
